取得期間: 2026-02-05 〜 2026-03-07 (JST基準)
USD/JPY (30日終値):
Date
2026-02-23 154.339005
2026-02-24 154.634995
2026-02-25 155.880005
2026-02-26 156.199997
2026-02-27 155.858994
2026-03-02 156.632996
2026-03-03 157.257004
2026-03-04 157.772995
2026-03-05 156.983002
2026-03-06 157.533997
Name: USDJPY=X, dtype: float64
最新: 157.534 (30日変化: +0.39%)
US100 (30日終値):
Date
2026-02-23 24708.939453
2026-02-24 24977.039062
2026-02-25 25329.039062
2026-02-26 25034.369141
2026-02-27 24960.039062
2026-03-02 24992.599609
2026-03-03 24720.080078
2026-03-04 25093.679688
2026-03-05 25020.410156
2026-03-06 24643.019531
Name: ^NDX, dtype: float64
最新: 24643.020 (30日変化: +0.38%)
XAU/USD (30日終値):
Date
2026-02-23 5204.700195
2026-02-24 5155.799805
2026-02-25 5206.399902
2026-02-26 5176.500000
2026-02-27 5230.500000
2026-03-02 5294.399902
2026-03-03 5107.399902
2026-03-04 5120.200195
2026-03-05 5065.299805
2026-03-06 5146.100098
Name: GC=F, dtype: float64
最新: 5146.100 (30日変化: +5.86%)
WTI (30日終値):
Date
2026-02-23 66.309998
2026-02-24 65.629997
2026-02-25 65.419998
2026-02-26 65.209999
2026-02-27 67.019997
2026-03-02 71.230003
2026-03-03 74.559998
2026-03-04 74.660004
2026-03-05 81.010002
2026-03-06 90.900002
Name: CL=F, dtype: float64
最新: 90.900 (30日変化: +43.62%)
US2Y (30日終値):
Date
2026-02-23 3.582
2026-02-24 3.598
2026-02-25 3.619
2026-02-26 3.583
2026-02-27 3.512
2026-03-02 3.621
2026-03-03 3.631
2026-03-04 3.668
2026-03-05 3.743
2026-03-06 3.715
Name: ^FVX, dtype: float64
最新: 3.715 (30日変化: -0.93%)
VIX (30日終値):
Date
2026-02-23 21.010000
2026-02-24 19.549999
2026-02-25 17.930000
2026-02-26 18.629999
2026-02-27 19.860001
2026-03-02 21.440001
2026-03-03 23.570000
2026-03-04 21.150000
2026-03-05 23.750000
2026-03-06 29.490000
Name: ^VIX, dtype: float64
最新: 29.490 (30日変化: +35.46%)
US10Y (30日終値):
Date
2026-02-23 4.029
2026-02-24 4.033
2026-02-25 4.048
2026-02-26 4.017
2026-02-27 3.962
2026-03-02 4.048
2026-03-03 4.056
2026-03-04 4.080
2026-03-05 4.146
2026-03-06 4.133
Name: ^TNX, dtype: float64
最新: 4.133 (30日変化: -1.83%)
BTC/USD (30日終値):
Date
2026-02-25 67960.125000
2026-02-26 67453.773438
2026-02-27 65881.796875
2026-02-28 66995.859375
2026-03-01 65738.101562
2026-03-02 68775.851562
2026-03-03 68293.648438
2026-03-04 72710.578125
2026-03-05 70841.125000
2026-03-06 68136.492188
Name: BTC-USD, dtype: float64
最新: 68136.492 (30日変化: +8.67%)
30日相関係数行列:
           USD/JPY US100 XAU/USD WTI US2Y VIX US10Y BTC/USD
USD/JPY 1.000000 0.265808 0.296729 0.560222 0.366773 0.336519 0.320241 0.360474
US100 0.265808 1.000000 0.352312 -0.150598 0.128057 -0.609150 0.113039 0.485412
XAU/USD 0.296729 0.352312 1.000000 0.363505 -0.522794 0.070724 -0.570920 0.087177
WTI 0.560222 -0.150598 0.363505 1.000000 0.188716 0.846816 0.037891 0.346529
US2Y 0.366773 0.128057 -0.522794 0.188716 1.000000 0.157129 0.976824 0.314114
VIX 0.336519 -0.609150 0.070724 0.846816 0.157129 1.000000 0.056093 0.066612
US10Y 0.320241 0.113039 -0.570920 0.037891 0.976824 0.056093 1.000000 0.216279
BTC/USD 0.360474 0.485412 0.087177 0.346529 0.314114 0.066612 0.216279 1.000000